010201
63
0.94090332117464
1.0388645072347
1.0379890802479
1.0371376894827
1.036945892779
1.034166872585
1.0322501115522
1.028163282139
1.0259415714515
1.0207938966285
1.0083633749486
1.0032273247738
1.0034551113431
1.0003904602064
1
1.005900057433
1.0116811153556
1.0089144443448
1.0067301462244
1.0091284639082
1.0102603482277
1.0133460491142
1.0189028498866
1.0233199438016
1.020082082563
1.0194528037233
1.0204333048253
1.0165450766877
1.0292960685455
1.0292607907991
1.0384321366143
1.0315309164913
1.0272087473604
1.0376824755241
1.0354506967127
1.0283917668332
1.0203778913428
1.0360790863903
1.0327572802421
1.0333673146083
1.045657982475
1.0476870304621
1.0412191210408
1.0484544613632
1.0582475234236
1.0470112540251
1.0572678905378
1.0610082357409
1.0709789704924
1.0631773565736
1.0781064378264
1.080734369124
1.0870866506644
1.0896898076646
1.097213830966
1.102721234448
1.1071555687026
1.1138314981759
1.1187137398864
1.1254613589646
1.11545795084
1.1373234201186
1.1428347094503
1.1707061834884
